-0.0370089502
-0.0370089502
-0.0370089502
4.6084532143
4.6084532143
4.6084532143
0.7753555185
0.7753555185
1.3433504339
4.6637732736
4.6637732736
4.9627536544
1.5290039904
1.5290039904
2.6367953214
4.6951663367
4.6951663367
5.6535112731
2.2373958574
2.2373958574
3.8049060686
4.5104808282
4.5104808282
6.1525573978
2.8695459463
2.8695459463
4.1097048209
4.1097048209
4.7179430629
6.2878469166
3.2726711098
3.2726711098
3.7595533030
3.7595533030
5.1156965934
6.2416596819
2.8695459463
2.8695459463
4.1097048209
4.1097048209
4.7179430629
6.2878469166
2.2373958574
2.2373958574
3.8049060686
4.5104808282
4.5104808282
6.1525573978
1.5290039904
1.5290039904
2.6367953214
4.6951663367
4.6951663367
5.6535112731
0.7753555185
0.7753555185
1.3433504339
4.6637732736
4.6637732736
4.9627536544
0.7753555185
0.7753555185
1.3433504339
4.6637732736
4.6637732736
4.9627536544
0.7684405483
0.7684405483
1.6511208300
4.6316253383
4.6316253383
5.1585155109
1.2893943169
1.4352476691
2.5776517443
4.6745010708
4.6944935434
5.6551545835
1.8837833579
2.2619221243
3.5751279355
4.5828700986
4.6317376346
6.0515647112
2.4431442676
3.0172578508
4.1738540412
4.3979620908
4.4676125179
6.1778026537
2.9648080102
3.4214731553
3.8420824424
4.0136382055
5.0343676816
6.0949433898
2.9433845825
3.2635136892
3.7637568208
4.2523122830
4.8956969290
6.1317313022
2.3766571727
2.7553898419
4.1664310397
4.2156073390
4.5832154646
6.1733776697
1.7570056597
2.0658087951
3.1921905674
4.6095132486
4.6982879582
5.9344391274
1.1239104889
1.3559899029
2.1633940079
4.6565679440
4.7288849115
5.4245164388
1.5290039904
1.5290039904
2.6367953214
4.6951663367
4.6951663367
5.6535112731
1.2893943169
1.4352476691
2.5776517443
4.6745010708
4.6944935434
5.6551545835
1.4501028115
1.4501028115
3.1266971621
4.6940386554
4.6940386554
5.9038115575
1.8154854550
2.0486880871
3.8087756346
4.6843396235
4.7086215647
5.9916740903
2.2020154396
2.9455038640
4.3841863069
4.4365063899
4.6050840902
5.8994515427
2.5765953611
3.7329396064
3.9209548135
4.3489983184
4.8895804017
5.7260803921
3.0087842623
3.2732611505
3.9651926578
4.4784869431
4.9389163885
5.6836876493
2.7878467147
3.2487315638
3.7704711598
4.4561273537
4.8016853427
5.9108143146
2.2632596332
2.7016789031
3.8345191414
4.2625822297
4.7987881924
6.0576971922
1.7570056597
2.0658087951
3.1921905674
4.6095132486
4.6982879582
5.9344391274
2.2373958574
2.2373958574
3.8049060686
4.5104808282
4.5104808282
6.1525573978
1.8837833579
2.2619221243
3.5751279355
4.5828700986
4.6317376346
6.0515647112
1.8154854550
2.0486880871
3.8087756346
4.6843396235
4.7086215647
5.9916740903
1.9751622508
1.9751622508
4.2789581859
4.7741791466
4.7741791466
5.7796510048
2.1970141678
2.5093908139
4.6428354043
4.7084305280
4.7629349047
5.4369317834
2.3953730991
3.4215534785
4.1272592423
4.6264603889
4.9838044546
5.2612414318
2.6268968888
3.6328783808
4.3333877847
4.3522227111
5.0118826327
5.1904345514
3.0178387006
3.2393585615
3.9540534826
4.6532166526
4.9989825736
5.3870233254
2.7878467147
3.2487315638
3.7704711598
4.4561273537
4.8016853427
5.9108143146
2.3766571727
2.7553898419
4.1664310397
4.2156073390
4.5832154646
6.1733776697
2.8695459463
2.8695459463
4.1097048209
4.1097048209
4.7179430629
6.2878469166
2.4431442676
3.0172578508
4.1738540412
4.3979620908
4.4676125179
6.1778026537
2.2020154396
2.9455038640
4.3841863069
4.4365063899
4.6050840902
5.8994515427
2.1970141678
2.5093908139
4.6428354043
4.7084305280
4.7629349047
5.4369317834
2.3028077278
2.3028077278
4.7739943295
4.8409205961
4.8409205961
5.0087930432
2.3922548522
2.7537698491
4.1784730220
4.8061903913
4.9215963370
5.1768040704
2.4573078709
3.5940211752
3.8600737797
4.6447431013
4.9597987204
5.1806479410
2.6268968888
3.6328783808
4.3333877847
4.3522227111
5.0118826327
5.1904345514
3.0087842623
3.2732611505
3.9651926578
4.4784869431
4.9389163885
5.6836876493
2.9433845825
3.2635136892
3.7637568208
4.2523122830
4.8956969290
6.1317313022
3.2726711098
3.2726711098
3.7595533030
3.7595533030
5.1156965934
6.2416596819
2.9648080102
3.4214731553
3.8420824424
4.0136382055
5.0343676816
6.0949433898
2.5765953611
3.7329396064
3.9209548135
4.3489983184
4.8895804017
5.7260803921
2.3953730991
3.4215534785
4.1272592423
4.6264603889
4.9838044546
5.2612414318
2.3922548522
2.7537698491
4.1784730220
4.8061903913
4.9215963370
5.1768040704
2.4138202845
2.4138202845
4.0662471864
4.8667643502
4.8667643502
5.2556592515
2.3922548522
2.7537698491
4.1784730220
4.8061903913
4.9215963370
5.1768040704
2.3953730991
3.4215534785
4.1272592423
4.6264603889
4.9838044546
5.2612414318
2.5765953611
3.7329396064
3.9209548135
4.3489983184
4.8895804017
5.7260803921
2.9648080102
3.4214731553
3.8420824424
4.0136382055
5.0343676816
6.0949433898
2.8695459463
2.8695459463
4.1097048209
4.1097048209
4.7179430629
6.2878469166
2.9433845825
3.2635136892
3.7637568208
4.2523122830
4.8956969290
6.1317313022
3.0087842623
3.2732611505
3.9651926578
4.4784869431
4.9389163885
5.6836876493
2.6268968888
3.6328783808
4.3333877847
4.3522227111
5.0118826327
5.1904345514
2.4573078709
3.5940211752
3.8600737797
4.6447431013
4.9597987204
5.1806479410
2.3922548522
2.7537698491
4.1784730220
4.8061903913
4.9215963370
5.1768040704
2.3028077278
2.3028077278
4.7739943295
4.8409205961
4.8409205961
5.0087930432
2.1970141678
2.5093908139
4.6428354043
4.7084305280
4.7629349047
5.4369317834
2.2020154396
2.9455038640
4.3841863069
4.4365063899
4.6050840902
5.8994515427
2.4431442676
3.0172578508
4.1738540412
4.3979620908
4.4676125179
6.1778026537
2.2373958574
2.2373958574
3.8049060686
4.5104808282
4.5104808282
6.1525573978
2.3766571727
2.7553898419
4.1664310397
4.2156073390
4.5832154646
6.1733776697
2.7878467147
3.2487315638
3.7704711598
4.4561273537
4.8016853427
5.9108143146
3.0178387006
3.2393585615
3.9540534826
4.6532166526
4.9989825736
5.3870233254
2.6268968888
3.6328783808
4.3333877847
4.3522227111
5.0118826327
5.1904345514
2.3953730991
3.4215534785
4.1272592423
4.6264603889
4.9838044546
5.2612414318
2.1970141678
2.5093908139
4.6428354043
4.7084305280
4.7629349047
5.4369317834
1.9751622508
1.9751622508
4.2789581859
4.7741791466
4.7741791466
5.7796510048
1.8154854550
2.0486880871
3.8087756346
4.6843396235
4.7086215647
5.9916740903
1.8837833579
2.2619221243
3.5751279355
4.5828700986
4.6317376346
6.0515647112
1.5290039904
1.5290039904
2.6367953214
4.6951663367
4.6951663367
5.6535112731
1.7570056597
2.0658087951
3.1921905674
4.6095132486
4.6982879582
5.9344391274
2.2632596332
2.7016789031
3.8345191414
4.2625822297
4.7987881924
6.0576971922
2.7878467147
3.2487315638
3.7704711598
4.4561273537
4.8016853427
5.9108143146
3.0087842623
3.2732611505
3.9651926578
4.4784869431
4.9389163885
5.6836876493
2.5765953611
3.7329396064
3.9209548135
4.3489983184
4.8895804017
5.7260803921
2.2020154396
2.9455038640
4.3841863069
4.4365063899
4.6050840902
5.8994515427
1.8154854550
2.0486880871
3.8087756346
4.6843396235
4.7086215647
5.9916740903
1.4501028115
1.4501028115
3.1266971621
4.6940386554
4.6940386554
5.9038115575
1.2893943169
1.4352476691
2.5776517443
4.6745010708
4.6944935434
5.6551545835
0.7753555185
0.7753555185
1.3433504339
4.6637732736
4.6637732736
4.9627536544
1.1239104889
1.3559899029
2.1633940079
4.6565679440
4.7288849115
5.4245164388
1.7570056597
2.0658087951
3.1921905674
4.6095132486
4.6982879582
5.9344391274
2.3766571727
2.7553898419
4.1664310397
4.2156073390
4.5832154646
6.1733776697
2.9433845825
3.2635136892
3.7637568208
4.2523122830
4.8956969290
6.1317313022
2.9648080102
3.4214731553
3.8420824424
4.0136382055
5.0343676816
6.0949433898
2.4431442676
3.0172578508
4.1738540412
4.3979620908
4.4676125179
6.1778026537
1.8837833579
2.2619221243
3.5751279355
4.5828700986
4.6317376346
6.0515647112
1.2893943169
1.4352476691
2.5776517443
4.6745010708
4.6944935434
5.6551545835
0.7684405483
0.7684405483
1.6511208300
4.6316253383
4.6316253383
5.1585155109
0.7753555185
0.7753555185
1.3433504339
4.6637732736
4.6637732736
4.9627536544
0.7684405483
0.7684405483
1.6511208300
4.6316253383
4.6316253383
5.1585155109
1.2893943169
1.4352476691
2.5776517443
4.6745010708
4.6944935434
5.6551545835
1.8837833579
2.2619221243
3.5751279355
4.5828700986
4.6317376346
6.0515647112
2.4431442676
3.0172578508
4.1738540412
4.3979620908
4.4676125179
6.1778026537
2.9648080102
3.4214731553
3.8420824424
4.0136382055
5.0343676816
6.0949433898
2.9433845825
3.2635136892
3.7637568208
4.2523122830
4.8956969290
6.1317313022
2.3766571727
2.7553898419
4.1664310397
4.2156073390
4.5832154646
6.1733776697
1.7570056597
2.0658087951
3.1921905674
4.6095132486
4.6982879582
5.9344391274
1.1239104889
1.3559899029
2.1633940079
4.6565679440
4.7288849115
5.4245164388
0.7684405483
0.7684405483
1.6511208300
4.6316253383
4.6316253383
5.1585155109
0.7753555185
0.7753555185
1.3433504339
4.6637732736
4.6637732736
4.9627536544
1.1239104889
1.3559899029
2.1633940079
4.6565679440
4.7288849115
5.4245164388
1.7570056597
2.0658087951
3.1921905674
4.6095132486
4.6982879582
5.9344391274
2.3766571727
2.7553898419
4.1664310397
4.2156073390
4.5832154646
6.1733776697
2.9433845825
3.2635136892
3.7637568208
4.2523122830
4.8956969290
6.1317313022
2.9648080102
3.4214731553
3.8420824424
4.0136382055
5.0343676816
6.0949433898
2.4431442676
3.0172578508
4.1738540412
4.3979620908
4.4676125179
6.1778026537
1.8837833579
2.2619221243
3.5751279355
4.5828700986
4.6317376346
6.0515647112
1.2893943169
1.4352476691
2.5776517443
4.6745010708
4.6944935434
5.6551545835
1.2893943169
1.4352476691
2.5776517443
4.6745010708
4.6944935434
5.6551545835
1.1239104889
1.3559899029
2.1633940079
4.6565679440
4.7288849115
5.4245164388
1.2893943169
1.4352476691
2.5776517443
4.6745010708
4.6944935434
5.6551545835
1.7223689452
1.9551876013
3.3089743423
4.6295753790
4.7229830477
5.9568713626
2.2310262403
2.7078031345
4.0520835699
4.3117210597
4.7388795282
6.0428257728
2.6822390383
3.4082753559
3.8336560875
4.5485917151
4.7010184205
5.9228773569
3.0675168673
3.2347000110
4.1361300794
4.1530212781
5.0153765943
5.7872449756
2.6822390383
3.4082753559
3.8336560875
4.5485917151
4.7010184205
5.9228773569
2.2310262403
2.7078031345
4.0520835699
4.3117210597
4.7388795282
6.0428257728
1.7223689452
1.9551876013
3.3089743423
4.6295753790
4.7229830477
5.9568713626
1.8837833579
2.2619221243
3.5751279355
4.5828700986
4.6317376346
6.0515647112
1.7570056597
2.0658087951
3.1921905674
4.6095132486
4.6982879582
5.9344391274
1.7223689452
1.9551876013
3.3089743423
4.6295753790
4.7229830477
5.9568713626
1.8154854550
2.0486880871
3.8087756346
4.6843396235
4.7086215647
5.9916740903
2.2265460092
2.4441113216
4.3307204083
4.4883703010
4.8071346268
5.8178941330
2.5500319263
3.2391304514
4.0475469622
4.7414651521
4.7834966645
5.5394822535
2.8155597214
3.5367940449
4.1068107003
4.4868670255
4.9671529642
5.3479353724
3.1148817198
3.2247514018
3.9364405552
4.7185087087
4.8894307999
5.4073143402
2.7516968400
3.2144723683
3.8319155017
4.4800276979
4.8929608553
5.7656496005
2.2310262403
2.7078031345
4.0520835699
4.3117210597
4.7388795282
6.0428257728
2.4431442676
3.0172578508
4.1738540412
4.3979620908
4.4676125179
6.1778026537
2.3766571727
2.7553898419
4.1664310397
4.2156073390
4.5832154646
6.1733776697
2.2310262403
2.7078031345
4.0520835699
4.3117210597
4.7388795282
6.0428257728
2.2265460092
2.4441113216
4.3307204083
4.4883703010
4.8071346268
5.8178941330
2.1970141678
2.5093908139
4.6428354043
4.7084305280
4.7629349047
5.4369317834
2.5449665663
2.7720922385
4.2942353176
4.8766712282
4.9898400427
5.0690662452
2.7063240169
3.5418625699
3.8536424781
4.6846013671
4.9918777963
5.1226713139
2.8549430995
3.5492262973
4.2026184254
4.4940074198
5.0080595359
5.0856272705
3.1148817198
3.2247514018
3.9364405552
4.7185087087
4.8894307999
5.4073143402
2.6822390383
3.4082753559
3.8336560875
4.5485917151
4.7010184205
5.9228773569
2.9648080102
3.4214731553
3.8420824424
4.0136382055
5.0343676816
6.0949433898
2.9433845825
3.2635136892
3.7637568208
4.2523122830
4.8956969290
6.1317313022
2.6822390383
3.4082753559
3.8336560875
4.5485917151
4.7010184205
5.9228773569
2.5500319263
3.2391304514
4.0475469622
4.7414651521
4.7834966645
5.5394822535
2.5449665663
2.7720922385
4.2942353176
4.8766712282
4.9898400427
5.0690662452
2.3922548522
2.7537698491
4.1784730220
4.8061903913
4.9215963370
5.1768040704
2.6525391528
2.8876740919
3.9630746244
4.7823481687
4.9035284409
5.2174860313
2.7063240169
3.5418625699
3.8536424781
4.6846013671
4.9918777963
5.1226713139
2.8155597214
3.5367940449
4.1068107003
4.4868670255
4.9671529642
5.3479353724
3.0675168673
3.2347000110
4.1361300794
4.1530212781
5.0153765943
5.7872449756
2.9433845825
3.2635136892
3.7637568208
4.2523122830
4.8956969290
6.1317313022
2.9648080102
3.4214731553
3.8420824424
4.0136382055
5.0343676816
6.0949433898
3.0675168673
3.2347000110
4.1361300794
4.1530212781
5.0153765943
5.7872449756
2.8155597214
3.5367940449
4.1068107003
4.4868670255
4.9671529642
5.3479353724
2.7063240169
3.5418625699
3.8536424781
4.6846013671
4.9918777963
5.1226713139
2.6525391528
2.8876740919
3.9630746244
4.7823481687
4.9035284409
5.2174860313
2.3922548522
2.7537698491
4.1784730220
4.8061903913
4.9215963370
5.1768040704
2.5449665663
2.7720922385
4.2942353176
4.8766712282
4.9898400427
5.0690662452
2.5500319263
3.2391304514
4.0475469622
4.7414651521
4.7834966645
5.5394822535
2.6822390383
3.4082753559
3.8336560875
4.5485917151
4.7010184205
5.9228773569
2.3766571727
2.7553898419
4.1664310397
4.2156073390
4.5832154646
6.1733776697
2.4431442676
3.0172578508
4.1738540412
4.3979620908
4.4676125179
6.1778026537
2.6822390383
3.4082753559
3.8336560875
4.5485917151
4.7010184205
5.9228773569
3.1148817198
3.2247514018
3.9364405552
4.7185087087
4.8894307999
5.4073143402
2.8549430995
3.5492262973
4.2026184254
4.4940074198
5.0080595359
5.0856272705
2.7063240169
3.5418625699
3.8536424781
4.6846013671
4.9918777963
5.1226713139
2.5449665663
2.7720922385
4.2942353176
4.8766712282
4.9898400427
5.0690662452
2.1970141678
2.5093908139
4.6428354043
4.7084305280
4.7629349047
5.4369317834
2.2265460092
2.4441113216
4.3307204083
4.4883703010
4.8071346268
5.8178941330
2.2310262403
2.7078031345
4.0520835699
4.3117210597
4.7388795282
6.0428257728
1.7570056597
2.0658087951
3.1921905674
4.6095132486
4.6982879582
5.9344391274
1.8837833579
2.2619221243
3.5751279355
4.5828700986
4.6317376346
6.0515647112
2.2310262403
2.7078031345
4.0520835699
4.3117210597
4.7388795282
6.0428257728
2.7516968400
3.2144723683
3.8319155017
4.4800276979
4.8929608553
5.7656496005
3.1148817198
3.2247514018
3.9364405552
4.7185087087
4.8894307999
5.4073143402
2.8155597214
3.5367940449
4.1068107003
4.4868670255
4.9671529642
5.3479353724
2.5500319263
3.2391304514
4.0475469622
4.7414651521
4.7834966645
5.5394822535
2.2265460092
2.4441113216
4.3307204083
4.4883703010
4.8071346268
5.8178941330
1.8154854550
2.0486880871
3.8087756346
4.6843396235
4.7086215647
5.9916740903
1.7223689452
1.9551876013
3.3089743423
4.6295753790
4.7229830477
5.9568713626
1.1239104889
1.3559899029
2.1633940079
4.6565679440
4.7288849115
5.4245164388
1.2893943169
1.4352476691
2.5776517443
4.6745010708
4.6944935434
5.6551545835
1.7223689452
1.9551876013
3.3089743423
4.6295753790
4.7229830477
5.9568713626
2.2310262403
2.7078031345
4.0520835699
4.3117210597
4.7388795282
6.0428257728
2.6822390383
3.4082753559
3.8336560875
4.5485917151
4.7010184205
5.9228773569
3.0675168673
3.2347000110
4.1361300794
4.1530212781
5.0153765943
5.7872449756
2.6822390383
3.4082753559
3.8336560875
4.5485917151
4.7010184205
5.9228773569
2.2310262403
2.7078031345
4.0520835699
4.3117210597
4.7388795282
6.0428257728
1.7223689452
1.9551876013
3.3089743423
4.6295753790
4.7229830477
5.9568713626
1.2893943169
1.4352476691
2.5776517443
4.6745010708
4.6944935434
5.6551545835
1.5290039904
1.5290039904
2.6367953214
4.6951663367
4.6951663367
5.6535112731
1.2893943169
1.4352476691
2.5776517443
4.6745010708
4.6944935434
5.6551545835
1.4501028115
1.4501028115
3.1266971621
4.6940386554
4.6940386554
5.9038115575
1.8154854550
2.0486880871
3.8087756346
4.6843396235
4.7086215647
5.9916740903
2.2020154396
2.9455038640
4.3841863069
4.4365063899
4.6050840902
5.8994515427
2.5765953611
3.7329396064
3.9209548135
4.3489983184
4.8895804017
5.7260803921
3.0087842623
3.2732611505
3.9651926578
4.4784869431
4.9389163885
5.6836876493
2.7878467147
3.2487315638
3.7704711598
4.4561273537
4.8016853427
5.9108143146
2.2632596332
2.7016789031
3.8345191414
4.2625822297
4.7987881924
6.0576971922
1.7570056597
2.0658087951
3.1921905674
4.6095132486
4.6982879582
5.9344391274
1.2893943169
1.4352476691
2.5776517443
4.6745010708
4.6944935434
5.6551545835
1.1239104889
1.3559899029
2.1633940079
4.6565679440
4.7288849115
5.4245164388
1.2893943169
1.4352476691
2.5776517443
4.6745010708
4.6944935434
5.6551545835
1.7223689452
1.9551876013
3.3089743423
4.6295753790
4.7229830477
5.9568713626
2.2310262403
2.7078031345
4.0520835699
4.3117210597
4.7388795282
6.0428257728
2.6822390383
3.4082753559
3.8336560875
4.5485917151
4.7010184205
5.9228773569
3.0675168673
3.2347000110
4.1361300794
4.1530212781
5.0153765943
5.7872449756
2.6822390383
3.4082753559
3.8336560875
4.5485917151
4.7010184205
5.9228773569
2.2310262403
2.7078031345
4.0520835699
4.3117210597
4.7388795282
6.0428257728
1.7223689452
1.9551876013
3.3089743423
4.6295753790
4.7229830477
5.9568713626
1.4501028115
1.4501028115
3.1266971621
4.6940386554
4.6940386554
5.9038115575
1.2893943169
1.4352476691
2.5776517443
4.6745010708
4.6944935434
5.6551545835
1.5290039904
1.5290039904
2.6367953214
4.6951663367
4.6951663367
5.6535112731
1.7570056597
2.0658087951
3.1921905674
4.6095132486
4.6982879582
5.9344391274
2.2632596332
2.7016789031
3.8345191414
4.2625822297
4.7987881924
6.0576971922
2.7878467147
3.2487315638
3.7704711598
4.4561273537
4.8016853427
5.9108143146
3.0087842623
3.2732611505
3.9651926578
4.4784869431
4.9389163885
5.6836876493
2.5765953611
3.7329396064
3.9209548135
4.3489983184
4.8895804017
5.7260803921
2.2020154396
2.9455038640
4.3841863069
4.4365063899
4.6050840902
5.8994515427
1.8154854550
2.0486880871
3.8087756346
4.6843396235
4.7086215647
5.9916740903
1.8154854550
2.0486880871
3.8087756346
4.6843396235
4.7086215647
5.9916740903
1.7223689452
1.9551876013
3.3089743423
4.6295753790
4.7229830477
5.9568713626
1.7570056597
2.0658087951
3.1921905674
4.6095132486
4.6982879582
5.9344391274
1.8837833579
2.2619221243
3.5751279355
4.5828700986
4.6317376346
6.0515647112
2.2310262403
2.7078031345
4.0520835699
4.3117210597
4.7388795282
6.0428257728
2.7516968400
3.2144723683
3.8319155017
4.4800276979
4.8929608553
5.7656496005
3.1148817198
3.2247514018
3.9364405552
4.7185087087
4.8894307999
5.4073143402
2.8155597214
3.5367940449
4.1068107003
4.4868670255
4.9671529642
5.3479353724
2.5500319263
3.2391304514
4.0475469622
4.7414651521
4.7834966645
5.5394822535
2.2265460092
2.4441113216
4.3307204083
4.4883703010
4.8071346268
5.8178941330
2.2020154396
2.9455038640
4.3841863069
4.4365063899
4.6050840902
5.8994515427
2.2310262403
2.7078031345
4.0520835699
4.3117210597
4.7388795282
6.0428257728
2.2632596332
2.7016789031
3.8345191414
4.2625822297
4.7987881924
6.0576971922
2.2310262403
2.7078031345
4.0520835699
4.3117210597
4.7388795282
6.0428257728
2.2020154396
2.9455038640
4.3841863069
4.4365063899
4.6050840902
5.8994515427
2.5500319263
3.2391304514
4.0475469622
4.7414651521
4.7834966645
5.5394822535
3.0618771517
3.5061029386
3.6948537020
4.8876059774
4.9699454149
5.0678565692
3.2674314898
3.3404300691
4.0953409949
4.4813499306
5.0165131200
5.0781621868
3.0618771517
3.5061029386
3.6948537020
4.8876059774
4.9699454149
5.0678565692
2.5500319263
3.2391304514
4.0475469622
4.7414651521
4.7834966645
5.5394822535
2.5765953611
3.7329396064
3.9209548135
4.3489983184
4.8895804017
5.7260803921
2.6822390383
3.4082753559
3.8336560875
4.5485917151
4.7010184205
5.9228773569
2.7878467147
3.2487315638
3.7704711598
4.4561273537
4.8016853427
5.9108143146
2.7516968400
3.2144723683
3.8319155017
4.4800276979
4.8929608553
5.7656496005
2.5500319263
3.2391304514
4.0475469622
4.7414651521
4.7834966645
5.5394822535
2.3953730991
3.4215534785
4.1272592423
4.6264603889
4.9838044546
5.2612414318
2.7063240169
3.5418625699
3.8536424781
4.6846013671
4.9918777963
5.1226713139
3.1655876677
3.6520096006
3.7107439026
4.4929563776
4.9996124267
5.1191076412
3.2674314898
3.3404300691
4.0953409949
4.4813499306
5.0165131200
5.0781621868
2.8155597214
3.5367940449
4.1068107003
4.4868670255
4.9671529642
5.3479353724
3.0087842623
3.2732611505
3.9651926578
4.4784869431
4.9389163885
5.6836876493
3.0675168673
3.2347000110
4.1361300794
4.1530212781
5.0153765943
5.7872449756
3.0087842623
3.2732611505
3.9651926578
4.4784869431
4.9389163885
5.6836876493
3.1148817198
3.2247514018
3.9364405552
4.7185087087
4.8894307999
5.4073143402
3.0618771517
3.5061029386
3.6948537020
4.8876059774
4.9699454149
5.0678565692
2.7063240169
3.5418625699
3.8536424781
4.6846013671
4.9918777963
5.1226713139
2.4573078709
3.5940211752
3.8600737797
4.6447431013
4.9597987204
5.1806479410
2.7063240169
3.5418625699
3.8536424781
4.6846013671
4.9918777963
5.1226713139
3.0618771517
3.5061029386
3.6948537020
4.8876059774
4.9699454149
5.0678565692
3.1148817198
3.2247514018
3.9364405552
4.7185087087
4.8894307999
5.4073143402
2.7878467147
3.2487315638
3.7704711598
4.4561273537
4.8016853427
5.9108143146
2.6822390383
3.4082753559
3.8336560875
4.5485917151
4.7010184205
5.9228773569
2.5765953611
3.7329396064
3.9209548135
4.3489983184
4.8895804017
5.7260803921
2.8155597214
3.5367940449
4.1068107003
4.4868670255
4.9671529642
5.3479353724
3.2674314898
3.3404300691
4.0953409949
4.4813499306
5.0165131200
5.0781621868
3.1655876677
3.6520096006
3.7107439026
4.4929563776
4.9996124267
5.1191076412
2.7063240169
3.5418625699
3.8536424781
4.6846013671
4.9918777963
5.1226713139
2.3953730991
3.4215534785
4.1272592423
4.6264603889
4.9838044546
5.2612414318
2.5500319263
3.2391304514
4.0475469622
4.7414651521
4.7834966645
5.5394822535
2.7516968400
3.2144723683
3.8319155017
4.4800276979
4.8929608553
5.7656496005
2.2632596332
2.7016789031
3.8345191414
4.2625822297
4.7987881924
6.0576971922
2.2310262403
2.7078031345
4.0520835699
4.3117210597
4.7388795282
6.0428257728
2.2020154396
2.9455038640
4.3841863069
4.4365063899
4.6050840902
5.8994515427
2.5500319263
3.2391304514
4.0475469622
4.7414651521
4.7834966645
5.5394822535
3.0618771517
3.5061029386
3.6948537020
4.8876059774
4.9699454149
5.0678565692
3.2674314898
3.3404300691
4.0953409949
4.4813499306
5.0165131200
5.0781621868
3.0618771517
3.5061029386
3.6948537020
4.8876059774
4.9699454149
5.0678565692
2.5500319263
3.2391304514
4.0475469622
4.7414651521
4.7834966645
5.5394822535
2.2020154396
2.9455038640
4.3841863069
4.4365063899
4.6050840902
5.8994515427
2.2310262403
2.7078031345
4.0520835699
4.3117210597
4.7388795282
6.0428257728
1.7570056597
2.0658087951
3.1921905674
4.6095132486
4.6982879582
5.9344391274
1.7223689452
1.9551876013
3.3089743423
4.6295753790
4.7229830477
5.9568713626
1.8154854550
2.0486880871
3.8087756346
4.6843396235
4.7086215647
5.9916740903
2.2265460092
2.4441113216
4.3307204083
4.4883703010
4.8071346268
5.8178941330
2.5500319263
3.2391304514
4.0475469622
4.7414651521
4.7834966645
5.5394822535
2.8155597214
3.5367940449
4.1068107003
4.4868670255
4.9671529642
5.3479353724
3.1148817198
3.2247514018
3.9364405552
4.7185087087
4.8894307999
5.4073143402
2.7516968400
3.2144723683
3.8319155017
4.4800276979
4.8929608553
5.7656496005
2.2310262403
2.7078031345
4.0520835699
4.3117210597
4.7388795282
6.0428257728
1.8837833579
2.2619221243
3.5751279355
4.5828700986
4.6317376346
6.0515647112
2.2373958574
2.2373958574
3.8049060686
4.5104808282
4.5104808282
6.1525573978
1.8837833579
2.2619221243
3.5751279355
4.5828700986
4.6317376346
6.0515647112
1.8154854550
2.0486880871
3.8087756346
4.6843396235
4.7086215647
5.9916740903
1.9751622508
1.9751622508
4.2789581859
4.7741791466
4.7741791466
5.7796510048
2.1970141678
2.5093908139
4.6428354043
4.7084305280
4.7629349047
5.4369317834
2.3953730991
3.4215534785
4.1272592423
4.6264603889
4.9838044546
5.2612414318
2.6268968888
3.6328783808
4.3333877847
4.3522227111
5.0118826327
5.1904345514
3.0178387006
3.2393585615
3.9540534826
4.6532166526
4.9989825736
5.3870233254
2.7878467147
3.2487315638
3.7704711598
4.4561273537
4.8016853427
5.9108143146
2.3766571727
2.7553898419
4.1664310397
4.2156073390
4.5832154646
6.1733776697
1.8837833579
2.2619221243
3.5751279355
4.5828700986
4.6317376346
6.0515647112
1.7570056597
2.0658087951
3.1921905674
4.6095132486
4.6982879582
5.9344391274
1.7223689452
1.9551876013
3.3089743423
4.6295753790
4.7229830477
5.9568713626
1.8154854550
2.0486880871
3.8087756346
4.6843396235
4.7086215647
5.9916740903
2.2265460092
2.4441113216
4.3307204083
4.4883703010
4.8071346268
5.8178941330
2.5500319263
3.2391304514
4.0475469622
4.7414651521
4.7834966645
5.5394822535
2.8155597214
3.5367940449
4.1068107003
4.4868670255
4.9671529642
5.3479353724
3.1148817198
3.2247514018
3.9364405552
4.7185087087
4.8894307999
5.4073143402
2.7516968400
3.2144723683
3.8319155017
4.4800276979
4.8929608553
5.7656496005
2.2310262403
2.7078031345
4.0520835699
4.3117210597
4.7388795282
6.0428257728
1.8154854550
2.0486880871
3.8087756346
4.6843396235
4.7086215647
5.9916740903
1.7223689452
1.9551876013
3.3089743423
4.6295753790
4.7229830477
5.9568713626
1.7570056597
2.0658087951
3.1921905674
4.6095132486
4.6982879582
5.9344391274
1.8837833579
2.2619221243
3.5751279355
4.5828700986
4.6317376346
6.0515647112
2.2310262403
2.7078031345
4.0520835699
4.3117210597
4.7388795282
6.0428257728
2.7516968400
3.2144723683
3.8319155017
4.4800276979
4.8929608553
5.7656496005
3.1148817198
3.2247514018
3.9364405552
4.7185087087
4.8894307999
5.4073143402
2.8155597214
3.5367940449
4.1068107003
4.4868670255
4.9671529642
5.3479353724
2.5500319263
3.2391304514
4.0475469622
4.7414651521
4.7834966645
5.5394822535
2.2265460092
2.4441113216
4.3307204083
4.4883703010
4.8071346268
5.8178941330
1.9751622508
1.9751622508
4.2789581859
4.7741791466
4.7741791466
5.7796510048
1.8154854550
2.0486880871
3.8087756346
4.6843396235
4.7086215647
5.9916740903
1.8837833579
2.2619221243
3.5751279355
4.5828700986
4.6317376346
6.0515647112
2.2373958574
2.2373958574
3.8049060686
4.5104808282
4.5104808282
6.1525573978
2.3766571727
2.7553898419
4.1664310397
4.2156073390
4.5832154646
6.1733776697
2.7878467147
3.2487315638
3.7704711598
4.4561273537
4.8016853427
5.9108143146
3.0178387006
3.2393585615
3.9540534826
4.6532166526
4.9989825736
5.3870233254
2.6268968888
3.6328783808
4.3333877847
4.3522227111
5.0118826327
5.1904345514
2.3953730991
3.4215534785
4.1272592423
4.6264603889
4.9838044546
5.2612414318
2.1970141678
2.5093908139
4.6428354043
4.7084305280
4.7629349047
5.4369317834
2.1970141678
2.5093908139
4.6428354043
4.7084305280
4.7629349047
5.4369317834
2.2265460092
2.4441113216
4.3307204083
4.4883703010
4.8071346268
5.8178941330
2.2310262403
2.7078031345
4.0520835699
4.3117210597
4.7388795282
6.0428257728
2.3766571727
2.7553898419
4.1664310397
4.2156073390
4.5832154646
6.1733776697
2.4431442676
3.0172578508
4.1738540412
4.3979620908
4.4676125179
6.1778026537
2.6822390383
3.4082753559
3.8336560875
4.5485917151
4.7010184205
5.9228773569
3.1148817198
3.2247514018
3.9364405552
4.7185087087
4.8894307999
5.4073143402
2.8549430995
3.5492262973
4.2026184254
4.4940074198
5.0080595359
5.0856272705
2.7063240169
3.5418625699
3.8536424781
4.6846013671
4.9918777963
5.1226713139
2.5449665663
2.7720922385
4.2942353176
4.8766712282
4.9898400427
5.0690662452
2.3953730991
3.4215534785
4.1272592423
4.6264603889
4.9838044546
5.2612414318
2.5500319263
3.2391304514
4.0475469622
4.7414651521
4.7834966645
5.5394822535
2.7516968400
3.2144723683
3.8319155017
4.4800276979
4.8929608553
5.7656496005
2.7878467147
3.2487315638
3.7704711598
4.4561273537
4.8016853427
5.9108143146
2.6822390383
3.4082753559
3.8336560875
4.5485917151
4.7010184205
5.9228773569
2.5765953611
3.7329396064
3.9209548135
4.3489983184
4.8895804017
5.7260803921
2.8155597214
3.5367940449
4.1068107003
4.4868670255
4.9671529642
5.3479353724
3.2674314898
3.3404300691
4.0953409949
4.4813499306
5.0165131200
5.0781621868
3.1655876677
3.6520096006
3.7107439026
4.4929563776
4.9996124267
5.1191076412
2.7063240169
3.5418625699
3.8536424781
4.6846013671
4.9918777963
5.1226713139
2.6268968888
3.6328783808
4.3333877847
4.3522227111
5.0118826327
5.1904345514
2.8155597214
3.5367940449
4.1068107003
4.4868670255
4.9671529642
5.3479353724
3.1148817198
3.2247514018
3.9364405552
4.7185087087
4.8894307999
5.4073143402
3.0178387006
3.2393585615
3.9540534826
4.6532166526
4.9989825736
5.3870233254
3.1148817198
3.2247514018
3.9364405552
4.7185087087
4.8894307999
5.4073143402
2.8155597214
3.5367940449
4.1068107003
4.4868670255
4.9671529642
5.3479353724
2.6268968888
3.6328783808
4.3333877847
4.3522227111
5.0118826327
5.1904345514
2.8549430995
3.5492262973
4.2026184254
4.4940074198
5.0080595359
5.0856272705
3.2674314898
3.3404300691
4.0953409949
4.4813499306
5.0165131200
5.0781621868
2.8549430995
3.5492262973
4.2026184254
4.4940074198
5.0080595359
5.0856272705
3.0178387006
3.2393585615
3.9540534826
4.6532166526
4.9989825736
5.3870233254
3.1148817198
3.2247514018
3.9364405552
4.7185087087
4.8894307999
5.4073143402
2.8155597214
3.5367940449
4.1068107003
4.4868670255
4.9671529642
5.3479353724
2.6268968888
3.6328783808
4.3333877847
4.3522227111
5.0118826327
5.1904345514
2.8549430995
3.5492262973
4.2026184254
4.4940074198
5.0080595359
5.0856272705
3.2674314898
3.3404300691
4.0953409949
4.4813499306
5.0165131200
5.0781621868
2.8549430995
3.5492262973
4.2026184254
4.4940074198
5.0080595359
5.0856272705
2.6268968888
3.6328783808
4.3333877847
4.3522227111
5.0118826327
5.1904345514
2.8155597214
3.5367940449
4.1068107003
4.4868670255
4.9671529642
5.3479353724
3.1148817198
3.2247514018
3.9364405552
4.7185087087
4.8894307999
5.4073143402
2.7878467147
3.2487315638
3.7704711598
4.4561273537
4.8016853427
5.9108143146
2.7516968400
3.2144723683
3.8319155017
4.4800276979
4.8929608553
5.7656496005
2.5500319263
3.2391304514
4.0475469622
4.7414651521
4.7834966645
5.5394822535
2.3953730991
3.4215534785
4.1272592423
4.6264603889
4.9838044546
5.2612414318
2.7063240169
3.5418625699
3.8536424781
4.6846013671
4.9918777963
5.1226713139
3.1655876677
3.6520096006
3.7107439026
4.4929563776
4.9996124267
5.1191076412
3.2674314898
3.3404300691
4.0953409949
4.4813499306
5.0165131200
5.0781621868
2.8155597214
3.5367940449
4.1068107003
4.4868670255
4.9671529642
5.3479353724
2.5765953611
3.7329396064
3.9209548135
4.3489983184
4.8895804017
5.7260803921
2.6822390383
3.4082753559
3.8336560875
4.5485917151
4.7010184205
5.9228773569
2.3766571727
2.7553898419
4.1664310397
4.2156073390
4.5832154646
6.1733776697
2.2310262403
2.7078031345
4.0520835699
4.3117210597
4.7388795282
6.0428257728
2.2265460092
2.4441113216
4.3307204083
4.4883703010
4.8071346268
5.8178941330
2.1970141678
2.5093908139
4.6428354043
4.7084305280
4.7629349047
5.4369317834
2.5449665663
2.7720922385
4.2942353176
4.8766712282
4.9898400427
5.0690662452
2.7063240169
3.5418625699
3.8536424781
4.6846013671
4.9918777963
5.1226713139
2.8549430995
3.5492262973
4.2026184254
4.4940074198
5.0080595359
5.0856272705
3.1148817198
3.2247514018
3.9364405552
4.7185087087
4.8894307999
5.4073143402
2.6822390383
3.4082753559
3.8336560875
4.5485917151
4.7010184205
5.9228773569
2.4431442676
3.0172578508
4.1738540412
4.3979620908
4.4676125179
6.1778026537
2.8695459463
2.8695459463
4.1097048209
4.1097048209
4.7179430629
6.2878469166
2.4431442676
3.0172578508
4.1738540412
4.3979620908
4.4676125179
6.1778026537
2.2020154396
2.9455038640
4.3841863069
4.4365063899
4.6050840902
5.8994515427
2.1970141678
2.5093908139
4.6428354043
4.7084305280
4.7629349047
5.4369317834
2.3028077278
2.3028077278
4.7739943295
4.8409205961
4.8409205961
5.0087930432
2.3922548522
2.7537698491
4.1784730220
4.8061903913
4.9215963370
5.1768040704
2.4573078709
3.5940211752
3.8600737797
4.6447431013
4.9597987204
5.1806479410
2.6268968888
3.6328783808
4.3333877847
4.3522227111
5.0118826327
5.1904345514
3.0087842623
3.2732611505
3.9651926578
4.4784869431
4.9389163885
5.6836876493
2.9433845825
3.2635136892
3.7637568208
4.2523122830
4.8956969290
6.1317313022
2.4431442676
3.0172578508
4.1738540412
4.3979620908
4.4676125179
6.1778026537
2.3766571727
2.7553898419
4.1664310397
4.2156073390
4.5832154646
6.1733776697
2.2310262403
2.7078031345
4.0520835699
4.3117210597
4.7388795282
6.0428257728
2.2265460092
2.4441113216
4.3307204083
4.4883703010
4.8071346268
5.8178941330
2.1970141678
2.5093908139
4.6428354043
4.7084305280
4.7629349047
5.4369317834
2.5449665663
2.7720922385
4.2942353176
4.8766712282
4.9898400427
5.0690662452
2.7063240169
3.5418625699
3.8536424781
4.6846013671
4.9918777963
5.1226713139
2.8549430995
3.5492262973
4.2026184254
4.4940074198
5.0080595359
5.0856272705
3.1148817198
3.2247514018
3.9364405552
4.7185087087
4.8894307999
5.4073143402
2.6822390383
3.4082753559
3.8336560875
4.5485917151
4.7010184205
5.9228773569
2.2020154396
2.9455038640
4.3841863069
4.4365063899
4.6050840902
5.8994515427
2.2310262403
2.7078031345
4.0520835699
4.3117210597
4.7388795282
6.0428257728
2.2632596332
2.7016789031
3.8345191414
4.2625822297
4.7987881924
6.0576971922
2.2310262403
2.7078031345
4.0520835699
4.3117210597
4.7388795282
6.0428257728
2.2020154396
2.9455038640
4.3841863069
4.4365063899
4.6050840902
5.8994515427
2.5500319263
3.2391304514
4.0475469622
4.7414651521
4.7834966645
5.5394822535
3.0618771517
3.5061029386
3.6948537020
4.8876059774
4.9699454149
5.0678565692
3.2674314898
3.3404300691
4.0953409949
4.4813499306
5.0165131200
5.0781621868
3.0618771517
3.5061029386
3.6948537020
4.8876059774
4.9699454149
5.0678565692
2.5500319263
3.2391304514
4.0475469622
4.7414651521
4.7834966645
5.5394822535
2.1970141678
2.5093908139
4.6428354043
4.7084305280
4.7629349047
5.4369317834
2.2265460092
2.4441113216
4.3307204083
4.4883703010
4.8071346268
5.8178941330
2.2310262403
2.7078031345
4.0520835699
4.3117210597
4.7388795282
6.0428257728
2.3766571727
2.7553898419
4.1664310397
4.2156073390
4.5832154646
6.1733776697
2.4431442676
3.0172578508
4.1738540412
4.3979620908
4.4676125179
6.1778026537
2.6822390383
3.4082753559
3.8336560875
4.5485917151
4.7010184205
5.9228773569
3.1148817198
3.2247514018
3.9364405552
4.7185087087
4.8894307999
5.4073143402
2.8549430995
3.5492262973
4.2026184254
4.4940074198
5.0080595359
5.0856272705
2.7063240169
3.5418625699
3.8536424781
4.6846013671
4.9918777963
5.1226713139
2.5449665663
2.7720922385
4.2942353176
4.8766712282
4.9898400427
5.0690662452
2.3028077278
2.3028077278
4.7739943295
4.8409205961
4.8409205961
5.0087930432
2.1970141678
2.5093908139
4.6428354043
4.7084305280
4.7629349047
5.4369317834
2.2020154396
2.9455038640
4.3841863069
4.4365063899
4.6050840902
5.8994515427
2.4431442676
3.0172578508
4.1738540412
4.3979620908
4.4676125179
6.1778026537
2.8695459463
2.8695459463
4.1097048209
4.1097048209
4.7179430629
6.2878469166
2.9433845825
3.2635136892
3.7637568208
4.2523122830
4.8956969290
6.1317313022
3.0087842623
3.2732611505
3.9651926578
4.4784869431
4.9389163885
5.6836876493
2.6268968888
3.6328783808
4.3333877847
4.3522227111
5.0118826327
5.1904345514
2.4573078709
3.5940211752
3.8600737797
4.6447431013
4.9597987204
5.1806479410
2.3922548522
2.7537698491
4.1784730220
4.8061903913
4.9215963370
5.1768040704
2.3922548522
2.7537698491
4.1784730220
4.8061903913
4.9215963370
5.1768040704
2.5449665663
2.7720922385
4.2942353176
4.8766712282
4.9898400427
5.0690662452
2.5500319263
3.2391304514
4.0475469622
4.7414651521
4.7834966645
5.5394822535
2.6822390383
3.4082753559
3.8336560875
4.5485917151
4.7010184205
5.9228773569
2.9433845825
3.2635136892
3.7637568208
4.2523122830
4.8956969290
6.1317313022
2.9648080102
3.4214731553
3.8420824424
4.0136382055
5.0343676816
6.0949433898
3.0675168673
3.2347000110
4.1361300794
4.1530212781
5.0153765943
5.7872449756
2.8155597214
3.5367940449
4.1068107003
4.4868670255
4.9671529642
5.3479353724
2.7063240169
3.5418625699
3.8536424781
4.6846013671
4.9918777963
5.1226713139
2.6525391528
2.8876740919
3.9630746244
4.7823481687
4.9035284409
5.2174860313
2.4573078709
3.5940211752
3.8600737797
4.6447431013
4.9597987204
5.1806479410
2.7063240169
3.5418625699
3.8536424781
4.6846013671
4.9918777963
5.1226713139
3.0618771517
3.5061029386
3.6948537020
4.8876059774
4.9699454149
5.0678565692
3.1148817198
3.2247514018
3.9364405552
4.7185087087
4.8894307999
5.4073143402
3.0087842623
3.2732611505
3.9651926578
4.4784869431
4.9389163885
5.6836876493
3.0675168673
3.2347000110
4.1361300794
4.1530212781
5.0153765943
5.7872449756
3.0087842623
3.2732611505
3.9651926578
4.4784869431
4.9389163885
5.6836876493
3.1148817198
3.2247514018
3.9364405552
4.7185087087
4.8894307999
5.4073143402
3.0618771517
3.5061029386
3.6948537020
4.8876059774
4.9699454149
5.0678565692
2.7063240169
3.5418625699
3.8536424781
4.6846013671
4.9918777963
5.1226713139
2.6268968888
3.6328783808
4.3333877847
4.3522227111
5.0118826327
5.1904345514
2.8549430995
3.5492262973
4.2026184254
4.4940074198
5.0080595359
5.0856272705
3.2674314898
3.3404300691
4.0953409949
4.4813499306
5.0165131200
5.0781621868
2.8549430995
3.5492262973
4.2026184254
4.4940074198
5.0080595359
5.0856272705
2.6268968888
3.6328783808
4.3333877847
4.3522227111
5.0118826327
5.1904345514
2.8155597214
3.5367940449
4.1068107003
4.4868670255
4.9671529642
5.3479353724
3.1148817198
3.2247514018
3.9364405552
4.7185087087
4.8894307999
5.4073143402
3.0178387006
3.2393585615
3.9540534826
4.6532166526
4.9989825736
5.3870233254
3.1148817198
3.2247514018
3.9364405552
4.7185087087
4.8894307999
5.4073143402
2.8155597214
3.5367940449
4.1068107003
4.4868670255
4.9671529642
5.3479353724
3.0087842623
3.2732611505
3.9651926578
4.4784869431
4.9389163885
5.6836876493
3.1148817198
3.2247514018
3.9364405552
4.7185087087
4.8894307999
5.4073143402
3.0618771517
3.5061029386
3.6948537020
4.8876059774
4.9699454149
5.0678565692
2.7063240169
3.5418625699
3.8536424781
4.6846013671
4.9918777963
5.1226713139
2.4573078709
3.5940211752
3.8600737797
4.6447431013
4.9597987204
5.1806479410
2.7063240169
3.5418625699
3.8536424781
4.6846013671
4.9918777963
5.1226713139
3.0618771517
3.5061029386
3.6948537020
4.8876059774
4.9699454149
5.0678565692
3.1148817198
3.2247514018
3.9364405552
4.7185087087
4.8894307999
5.4073143402
3.0087842623
3.2732611505
3.9651926578
4.4784869431
4.9389163885
5.6836876493
3.0675168673
3.2347000110
4.1361300794
4.1530212781
5.0153765943
5.7872449756
2.9433845825
3.2635136892
3.7637568208
4.2523122830
4.8956969290
6.1317313022
2.6822390383
3.4082753559
3.8336560875
4.5485917151
4.7010184205
5.9228773569
2.5500319263
3.2391304514
4.0475469622
4.7414651521
4.7834966645
5.5394822535
2.5449665663
2.7720922385
4.2942353176
4.8766712282
4.9898400427
5.0690662452
2.3922548522
2.7537698491
4.1784730220
4.8061903913
4.9215963370
5.1768040704
2.6525391528
2.8876740919
3.9630746244
4.7823481687
4.9035284409
5.2174860313
2.7063240169
3.5418625699
3.8536424781
4.6846013671
4.9918777963
5.1226713139
2.8155597214
3.5367940449
4.1068107003
4.4868670255
4.9671529642
5.3479353724
3.0675168673
3.2347000110
4.1361300794
4.1530212781
5.0153765943
5.7872449756
2.9648080102
3.4214731553
3.8420824424
4.0136382055
5.0343676816
6.0949433898
3.2726711098
3.2726711098
3.7595533030
3.7595533030
5.1156965934
6.2416596819
2.9648080102
3.4214731553
3.8420824424
4.0136382055
5.0343676816
6.0949433898
2.5765953611
3.7329396064
3.9209548135
4.3489983184
4.8895804017
5.7260803921
2.3953730991
3.4215534785
4.1272592423
4.6264603889
4.9838044546
5.2612414318
2.3922548522
2.7537698491
4.1784730220
4.8061903913
4.9215963370
5.1768040704
2.4138202845
2.4138202845
4.0662471864
4.8667643502
4.8667643502
5.2556592515
2.3922548522
2.7537698491
4.1784730220
4.8061903913
4.9215963370
5.1768040704
2.3953730991
3.4215534785
4.1272592423
4.6264603889
4.9838044546
5.2612414318
2.5765953611
3.7329396064
3.9209548135
4.3489983184
4.8895804017
5.7260803921
2.9648080102
3.4214731553
3.8420824424
4.0136382055
5.0343676816
6.0949433898
2.9648080102
3.4214731553
3.8420824424
4.0136382055
5.0343676816
6.0949433898
2.9433845825
3.2635136892
3.7637568208
4.2523122830
4.8956969290
6.1317313022
2.6822390383
3.4082753559
3.8336560875
4.5485917151
4.7010184205
5.9228773569
2.5500319263
3.2391304514
4.0475469622
4.7414651521
4.7834966645
5.5394822535
2.5449665663
2.7720922385
4.2942353176
4.8766712282
4.9898400427
5.0690662452
2.3922548522
2.7537698491
4.1784730220
4.8061903913
4.9215963370
5.1768040704
2.6525391528
2.8876740919
3.9630746244
4.7823481687
4.9035284409
5.2174860313
2.7063240169
3.5418625699
3.8536424781
4.6846013671
4.9918777963
5.1226713139
2.8155597214
3.5367940449
4.1068107003
4.4868670255
4.9671529642
5.3479353724
3.0675168673
3.2347000110
4.1361300794
4.1530212781
5.0153765943
5.7872449756
2.5765953611
3.7329396064
3.9209548135
4.3489983184
4.8895804017
5.7260803921
2.6822390383
3.4082753559
3.8336560875
4.5485917151
4.7010184205
5.9228773569
2.7878467147
3.2487315638
3.7704711598
4.4561273537
4.8016853427
5.9108143146
2.7516968400
3.2144723683
3.8319155017
4.4800276979
4.8929608553
5.7656496005
2.5500319263
3.2391304514
4.0475469622
4.7414651521
4.7834966645
5.5394822535
2.3953730991
3.4215534785
4.1272592423
4.6264603889
4.9838044546
5.2612414318
2.7063240169
3.5418625699
3.8536424781
4.6846013671
4.9918777963
5.1226713139
3.1655876677
3.6520096006
3.7107439026
4.4929563776
4.9996124267
5.1191076412
3.2674314898
3.3404300691
4.0953409949
4.4813499306
5.0165131200
5.0781621868
2.8155597214
3.5367940449
4.1068107003
4.4868670255
4.9671529642
5.3479353724
2.3953730991
3.4215534785
4.1272592423
4.6264603889
4.9838044546
5.2612414318
2.5500319263
3.2391304514
4.0475469622
4.7414651521
4.7834966645
5.5394822535
2.7516968400
3.2144723683
3.8319155017
4.4800276979
4.8929608553
5.7656496005
2.7878467147
3.2487315638
3.7704711598
4.4561273537
4.8016853427
5.9108143146
2.6822390383
3.4082753559
3.8336560875
4.5485917151
4.7010184205
5.9228773569
2.5765953611
3.7329396064
3.9209548135
4.3489983184
4.8895804017
5.7260803921
2.8155597214
3.5367940449
4.1068107003
4.4868670255
4.9671529642
5.3479353724
3.2674314898
3.3404300691
4.0953409949
4.4813499306
5.0165131200
5.0781621868
3.1655876677
3.6520096006
3.7107439026
4.4929563776
4.9996124267
5.1191076412
2.7063240169
3.5418625699
3.8536424781
4.6846013671
4.9918777963
5.1226713139
2.3922548522
2.7537698491
4.1784730220
4.8061903913
4.9215963370
5.1768040704
2.5449665663
2.7720922385
4.2942353176
4.8766712282
4.9898400427
5.0690662452
2.5500319263
3.2391304514
4.0475469622
4.7414651521
4.7834966645
5.5394822535
2.6822390383
3.4082753559
3.8336560875
4.5485917151
4.7010184205
5.9228773569
2.9433845825
3.2635136892
3.7637568208
4.2523122830
4.8956969290
6.1317313022
2.9648080102
3.4214731553
3.8420824424
4.0136382055
5.0343676816
6.0949433898
3.0675168673
3.2347000110
4.1361300794
4.1530212781
5.0153765943
5.7872449756
2.8155597214
3.5367940449
4.1068107003
4.4868670255
4.9671529642
5.3479353724
2.7063240169
3.5418625699
3.8536424781
4.6846013671
4.9918777963
5.1226713139
2.6525391528
2.8876740919
3.9630746244
4.7823481687
4.9035284409
5.2174860313
2.4138202845
2.4138202845
4.0662471864
4.8667643502
4.8667643502
5.2556592515
2.3922548522
2.7537698491
4.1784730220
4.8061903913
4.9215963370
5.1768040704
2.3953730991
3.4215534785
4.1272592423
4.6264603889
4.9838044546
5.2612414318
2.5765953611
3.7329396064
3.9209548135
4.3489983184
4.8895804017
5.7260803921
2.9648080102
3.4214731553
3.8420824424
4.0136382055
5.0343676816
6.0949433898
3.2726711098
3.2726711098
3.7595533030
3.7595533030
5.1156965934
6.2416596819
2.9648080102
3.4214731553
3.8420824424
4.0136382055
5.0343676816
6.0949433898
2.5765953611
3.7329396064
3.9209548135
4.3489983184
4.8895804017
5.7260803921
2.3953730991
3.4215534785
4.1272592423
4.6264603889
4.9838044546
5.2612414318
2.3922548522
2.7537698491
4.1784730220
4.8061903913
4.9215963370
5.1768040704
2.3922548522
2.7537698491
4.1784730220
4.8061903913
4.9215963370
5.1768040704
2.6525391528
2.8876740919
3.9630746244
4.7823481687
4.9035284409
5.2174860313
2.7063240169
3.5418625699
3.8536424781
4.6846013671
4.9918777963
5.1226713139
2.8155597214
3.5367940449
4.1068107003
4.4868670255
4.9671529642
5.3479353724
3.0675168673
3.2347000110
4.1361300794
4.1530212781
5.0153765943
5.7872449756
2.9648080102
3.4214731553
3.8420824424
4.0136382055
5.0343676816
6.0949433898
2.9433845825
3.2635136892
3.7637568208
4.2523122830
4.8956969290
6.1317313022
2.6822390383
3.4082753559
3.8336560875
4.5485917151
4.7010184205
5.9228773569
2.5500319263
3.2391304514
4.0475469622
4.7414651521
4.7834966645
5.5394822535
2.5449665663
2.7720922385
4.2942353176
4.8766712282
4.9898400427
5.0690662452
2.3953730991
3.4215534785
4.1272592423
4.6264603889
4.9838044546
5.2612414318
2.7063240169
3.5418625699
3.8536424781
4.6846013671
4.9918777963
5.1226713139
3.1655876677
3.6520096006
3.7107439026
4.4929563776
4.9996124267
5.1191076412
3.2674314898
3.3404300691
4.0953409949
4.4813499306
5.0165131200
5.0781621868
2.8155597214
3.5367940449
4.1068107003
4.4868670255
4.9671529642
5.3479353724
2.5765953611
3.7329396064
3.9209548135
4.3489983184
4.8895804017
5.7260803921
2.6822390383
3.4082753559
3.8336560875
4.5485917151
4.7010184205
5.9228773569
2.7878467147
3.2487315638
3.7704711598
4.4561273537
4.8016853427
5.9108143146
2.7516968400
3.2144723683
3.8319155017
4.4800276979
4.8929608553
5.7656496005
2.5500319263
3.2391304514
4.0475469622
4.7414651521
4.7834966645
5.5394822535
2.5765953611
3.7329396064
3.9209548135
4.3489983184
4.8895804017
5.7260803921
2.8155597214
3.5367940449
4.1068107003
4.4868670255
4.9671529642
5.3479353724
3.2674314898
3.3404300691
4.0953409949
4.4813499306
5.0165131200
5.0781621868
3.1655876677
3.6520096006
3.7107439026
4.4929563776
4.9996124267
5.1191076412
2.7063240169
3.5418625699
3.8536424781
4.6846013671
4.9918777963
5.1226713139
2.3953730991
3.4215534785
4.1272592423
4.6264603889
4.9838044546
5.2612414318
2.5500319263
3.2391304514
4.0475469622
4.7414651521
4.7834966645
5.5394822535
2.7516968400
3.2144723683
3.8319155017
4.4800276979
4.8929608553
5.7656496005
2.7878467147
3.2487315638
3.7704711598
4.4561273537
4.8016853427
5.9108143146
2.6822390383
3.4082753559
3.8336560875
4.5485917151
4.7010184205
5.9228773569
2.9648080102
3.4214731553
3.8420824424
4.0136382055
5.0343676816
6.0949433898
3.0675168673
3.2347000110
4.1361300794
4.1530212781
5.0153765943
5.7872449756
2.8155597214
3.5367940449
4.1068107003
4.4868670255
4.9671529642
5.3479353724
2.7063240169
3.5418625699
3.8536424781
4.6846013671
4.9918777963
5.1226713139
2.6525391528
2.8876740919
3.9630746244
4.7823481687
4.9035284409
5.2174860313
2.3922548522
2.7537698491
4.1784730220
4.8061903913
4.9215963370
5.1768040704
2.5449665663
2.7720922385
4.2942353176
4.8766712282
4.9898400427
5.0690662452
2.5500319263
3.2391304514
4.0475469622
4.7414651521
4.7834966645
5.5394822535
2.6822390383
3.4082753559
3.8336560875
4.5485917151
4.7010184205
5.9228773569
2.9433845825
3.2635136892
3.7637568208
4.2523122830
4.8956969290
6.1317313022
2.8695459463
2.8695459463
4.1097048209
4.1097048209
4.7179430629
6.2878469166
2.9433845825
3.2635136892
3.7637568208
4.2523122830
4.8956969290
6.1317313022
3.0087842623
3.2732611505
3.9651926578
4.4784869431
4.9389163885
5.6836876493
2.6268968888
3.6328783808
4.3333877847
4.3522227111
5.0118826327
5.1904345514
2.4573078709
3.5940211752
3.8600737797
4.6447431013
4.9597987204
5.1806479410
2.3922548522
2.7537698491
4.1784730220
4.8061903913
4.9215963370
5.1768040704
2.3028077278
2.3028077278
4.7739943295
4.8409205961
4.8409205961
5.0087930432
2.1970141678
2.5093908139
4.6428354043
4.7084305280
4.7629349047
5.4369317834
2.2020154396
2.9455038640
4.3841863069
4.4365063899
4.6050840902
5.8994515427
2.4431442676
3.0172578508
4.1738540412
4.3979620908
4.4676125179
6.1778026537
2.9433845825
3.2635136892
3.7637568208
4.2523122830
4.8956969290
6.1317313022
2.9648080102
3.4214731553
3.8420824424
4.0136382055
5.0343676816
6.0949433898
3.0675168673
3.2347000110
4.1361300794
4.1530212781
5.0153765943
5.7872449756
2.8155597214
3.5367940449
4.1068107003
4.4868670255
4.9671529642
5.3479353724
2.7063240169
3.5418625699
3.8536424781
4.6846013671
4.9918777963
5.1226713139
2.6525391528
2.8876740919
3.9630746244
4.7823481687
4.9035284409
5.2174860313
2.3922548522
2.7537698491
4.1784730220
4.8061903913
4.9215963370
5.1768040704
2.5449665663
2.7720922385
4.2942353176
4.8766712282
4.9898400427
5.0690662452
2.5500319263
3.2391304514
4.0475469622
4.7414651521
4.7834966645
5.5394822535
2.6822390383
3.4082753559
3.8336560875
4.5485917151
4.7010184205
5.9228773569
3.0087842623
3.2732611505
3.9651926578
4.4784869431
4.9389163885
5.6836876493
3.0675168673
3.2347000110
4.1361300794
4.1530212781
5.0153765943
5.7872449756
3.0087842623
3.2732611505
3.9651926578
4.4784869431
4.9389163885
5.6836876493
3.1148817198
3.2247514018
3.9364405552
4.7185087087
4.8894307999
5.4073143402
3.0618771517
3.5061029386
3.6948537020
4.8876059774
4.9699454149
5.0678565692
2.7063240169
3.5418625699
3.8536424781
4.6846013671
4.9918777963
5.1226713139
2.4573078709
3.5940211752
3.8600737797
4.6447431013
4.9597987204
5.1806479410
2.7063240169
3.5418625699
3.8536424781
4.6846013671
4.9918777963
5.1226713139
3.0618771517
3.5061029386
3.6948537020
4.8876059774
4.9699454149
5.0678565692
3.1148817198
3.2247514018
3.9364405552
4.7185087087
4.8894307999
5.4073143402
2.6268968888
3.6328783808
4.3333877847
4.3522227111
5.0118826327
5.1904345514
2.8155597214
3.5367940449
4.1068107003
4.4868670255
4.9671529642
5.3479353724
3.1148817198
3.2247514018
3.9364405552
4.7185087087
4.8894307999
5.4073143402
3.0178387006
3.2393585615
3.9540534826
4.6532166526
4.9989825736
5.3870233254
3.1148817198
3.2247514018
3.9364405552
4.7185087087
4.8894307999
5.4073143402
2.8155597214
3.5367940449
4.1068107003
4.4868670255
4.9671529642
5.3479353724
2.6268968888
3.6328783808
4.3333877847
4.3522227111
5.0118826327
5.1904345514
2.8549430995
3.5492262973
4.2026184254
4.4940074198
5.0080595359
5.0856272705
3.2674314898
3.3404300691
4.0953409949
4.4813499306
5.0165131200
5.0781621868
2.8549430995
3.5492262973
4.2026184254
4.4940074198
5.0080595359
5.0856272705
2.4573078709
3.5940211752
3.8600737797
4.6447431013
4.9597987204
5.1806479410
2.7063240169
3.5418625699
3.8536424781
4.6846013671
4.9918777963
5.1226713139
3.0618771517
3.5061029386
3.6948537020
4.8876059774
4.9699454149
5.0678565692
3.1148817198
3.2247514018
3.9364405552
4.7185087087
4.8894307999
5.4073143402
3.0087842623
3.2732611505
3.9651926578
4.4784869431
4.9389163885
5.6836876493
3.0675168673
3.2347000110
4.1361300794
4.1530212781
5.0153765943
5.7872449756
3.0087842623
3.2732611505
3.9651926578
4.4784869431
4.9389163885
5.6836876493
3.1148817198
3.2247514018
3.9364405552
4.7185087087
4.8894307999
5.4073143402
3.0618771517
3.5061029386
3.6948537020
4.8876059774
4.9699454149
5.0678565692
2.7063240169
3.5418625699
3.8536424781
4.6846013671
4.9918777963
5.1226713139
2.3922548522
2.7537698491
4.1784730220
4.8061903913
4.9215963370
5.1768040704
2.6525391528
2.8876740919
3.9630746244
4.7823481687
4.9035284409
5.2174860313
2.7063240169
3.5418625699
3.8536424781
4.6846013671
4.9918777963
5.1226713139
2.8155597214
3.5367940449
4.1068107003
4.4868670255
4.9671529642
5.3479353724
3.0675168673
3.2347000110
4.1361300794
4.1530212781
5.0153765943
5.7872449756
2.9648080102
3.4214731553
3.8420824424
4.0136382055
5.0343676816
6.0949433898
2.9433845825
3.2635136892
3.7637568208
4.2523122830
4.8956969290
6.1317313022
2.6822390383
3.4082753559
3.8336560875
4.5485917151
4.7010184205
5.9228773569
2.5500319263
3.2391304514
4.0475469622
4.7414651521
4.7834966645
5.5394822535
2.5449665663
2.7720922385
4.2942353176
4.8766712282
4.9898400427
5.0690662452
2.3028077278
2.3028077278
4.7739943295
4.8409205961
4.8409205961
5.0087930432
2.3922548522
2.7537698491
4.1784730220
4.8061903913
4.9215963370
5.1768040704
2.4573078709
3.5940211752
3.8600737797
4.6447431013
4.9597987204
5.1806479410
2.6268968888
3.6328783808
4.3333877847
4.3522227111
5.0118826327
5.1904345514
3.0087842623
3.2732611505
3.9651926578
4.4784869431
4.9389163885
5.6836876493
2.9433845825
3.2635136892
3.7637568208
4.2523122830
4.8956969290
6.1317313022
2.8695459463
2.8695459463
4.1097048209
4.1097048209
4.7179430629
6.2878469166
2.4431442676
3.0172578508
4.1738540412
4.3979620908
4.4676125179
6.1778026537
2.2020154396
2.9455038640
4.3841863069
4.4365063899
4.6050840902
5.8994515427
2.1970141678
2.5093908139
4.6428354043
4.7084305280
4.7629349047
5.4369317834
2.1970141678
2.5093908139
4.6428354043
4.7084305280
4.7629349047
5.4369317834
2.5449665663
2.7720922385
4.2942353176
4.8766712282
4.9898400427
5.0690662452
2.7063240169
3.5418625699
3.8536424781
4.6846013671
4.9918777963
5.1226713139
2.8549430995
3.5492262973
4.2026184254
4.4940074198
5.0080595359
5.0856272705
3.1148817198
3.2247514018
3.9364405552
4.7185087087
4.8894307999
5.4073143402
2.6822390383
3.4082753559
3.8336560875
4.5485917151
4.7010184205
5.9228773569
2.4431442676
3.0172578508
4.1738540412
4.3979620908
4.4676125179
6.1778026537
2.3766571727
2.7553898419
4.1664310397
4.2156073390
4.5832154646
6.1733776697
2.2310262403
2.7078031345
4.0520835699
4.3117210597
4.7388795282
6.0428257728
2.2265460092
2.4441113216
4.3307204083
4.4883703010
4.8071346268
5.8178941330
2.2020154396
2.9455038640
4.3841863069
4.4365063899
4.6050840902
5.8994515427
2.5500319263
3.2391304514
4.0475469622
4.7414651521
4.7834966645
5.5394822535
3.0618771517
3.5061029386
3.6948537020
4.8876059774
4.9699454149
5.0678565692
3.2674314898
3.3404300691
4.0953409949
4.4813499306
5.0165131200
5.0781621868
3.0618771517
3.5061029386
3.6948537020
4.8876059774
4.9699454149
5.0678565692
2.5500319263
3.2391304514
4.0475469622
4.7414651521
4.7834966645
5.5394822535
2.2020154396
2.9455038640
4.3841863069
4.4365063899
4.6050840902
5.8994515427
2.2310262403
2.7078031345
4.0520835699
4.3117210597
4.7388795282
6.0428257728
2.2632596332
2.7016789031
3.8345191414
4.2625822297
4.7987881924
6.0576971922
2.2310262403
2.7078031345
4.0520835699
4.3117210597
4.7388795282
6.0428257728
2.4431442676
3.0172578508
4.1738540412
4.3979620908
4.4676125179
6.1778026537
2.6822390383
3.4082753559
3.8336560875
4.5485917151
4.7010184205
5.9228773569
3.1148817198
3.2247514018
3.9364405552
4.7185087087
4.8894307999
5.4073143402
2.8549430995
3.5492262973
4.2026184254
4.4940074198
5.0080595359
5.0856272705
2.7063240169
3.5418625699
3.8536424781
4.6846013671
4.9918777963
5.1226713139
2.5449665663
2.7720922385
4.2942353176
4.8766712282
4.9898400427
5.0690662452
2.1970141678
2.5093908139
4.6428354043
4.7084305280
4.7629349047
5.4369317834
2.2265460092
2.4441113216
4.3307204083
4.4883703010
4.8071346268
5.8178941330
2.2310262403
2.7078031345
4.0520835699
4.3117210597
4.7388795282
6.0428257728
2.3766571727
2.7553898419
4.1664310397
4.2156073390
4.5832154646
6.1733776697
2.2373958574
2.2373958574
3.8049060686
4.5104808282
4.5104808282
6.1525573978
2.3766571727
2.7553898419
4.1664310397
4.2156073390
4.5832154646
6.1733776697
2.7878467147
3.2487315638
3.7704711598
4.4561273537
4.8016853427
5.9108143146
3.0178387006
3.2393585615
3.9540534826
4.6532166526
4.9989825736
5.3870233254
2.6268968888
3.6328783808
4.3333877847
4.3522227111
5.0118826327
5.1904345514
2.3953730991
3.4215534785
4.1272592423
4.6264603889
4.9838044546
5.2612414318
2.1970141678
2.5093908139
4.6428354043
4.7084305280
4.7629349047
5.4369317834
1.9751622508
1.9751622508
4.2789581859
4.7741791466
4.7741791466
5.7796510048
1.8154854550
2.0486880871
3.8087756346
4.6843396235
4.7086215647
5.9916740903
1.8837833579
2.2619221243
3.5751279355
4.5828700986
4.6317376346
6.0515647112
2.3766571727
2.7553898419
4.1664310397
4.2156073390
4.5832154646
6.1733776697
2.4431442676
3.0172578508
4.1738540412
4.3979620908
4.4676125179
6.1778026537
2.6822390383
3.4082753559
3.8336560875
4.5485917151
4.7010184205
5.9228773569
3.1148817198
3.2247514018
3.9364405552
4.7185087087
4.8894307999
5.4073143402
2.8549430995
3.5492262973
4.2026184254
4.4940074198
5.0080595359
5.0856272705
2.7063240169
3.5418625699
3.8536424781
4.6846013671
4.9918777963
5.1226713139
2.5449665663
2.7720922385
4.2942353176
4.8766712282
4.9898400427
5.0690662452
2.1970141678
2.5093908139
4.6428354043
4.7084305280
4.7629349047
5.4369317834
2.2265460092
2.4441113216
4.3307204083
4.4883703010
4.8071346268
5.8178941330
2.2310262403
2.7078031345
4.0520835699
4.3117210597
4.7388795282
6.0428257728
2.7878467147
3.2487315638
3.7704711598
4.4561273537
4.8016853427
5.9108143146
2.6822390383
3.4082753559
3.8336560875
4.5485917151
4.7010184205
5.9228773569
2.5765953611
3.7329396064
3.9209548135
4.3489983184
4.8895804017
5.7260803921
2.8155597214
3.5367940449
4.1068107003
4.4868670255
4.9671529642
5.3479353724
3.2674314898
3.3404300691
4.0953409949
4.4813499306
5.0165131200
5.0781621868
3.1655876677
3.6520096006
3.7107439026
4.4929563776
4.9996124267
5.1191076412
2.7063240169
3.5418625699
3.8536424781
4.6846013671
4.9918777963
5.1226713139
2.3953730991
3.4215534785
4.1272592423
4.6264603889
4.9838044546
5.2612414318
2.5500319263
3.2391304514
4.0475469622
4.7414651521
4.7834966645
5.5394822535
2.7516968400
3.2144723683
3.8319155017
4.4800276979
4.8929608553
5.7656496005
3.0178387006
3.2393585615
3.9540534826
4.6532166526
4.9989825736
5.3870233254
3.1148817198
3.2247514018
3.9364405552
4.7185087087
4.8894307999
5.4073143402
2.8155597214
3.5367940449
4.1068107003
4.4868670255
4.9671529642
5.3479353724
2.6268968888
3.6328783808
4.3333877847
4.3522227111
5.0118826327
5.1904345514
2.8549430995
3.5492262973
4.2026184254
4.4940074198
5.0080595359
5.0856272705
3.2674314898
3.3404300691
4.0953409949
4.4813499306
5.0165131200
5.0781621868
2.8549430995
3.5492262973
4.2026184254
4.4940074198
5.0080595359
5.0856272705
2.6268968888
3.6328783808
4.3333877847
4.3522227111
5.0118826327
5.1904345514
2.8155597214
3.5367940449
4.1068107003
4.4868670255
4.9671529642
5.3479353724
3.1148817198
3.2247514018
3.9364405552
4.7185087087
4.8894307999
5.4073143402
2.6268968888
3.6328783808
4.3333877847
4.3522227111
5.0118826327
5.1904345514
2.8549430995
3.5492262973
4.2026184254
4.4940074198
5.0080595359
5.0856272705
3.2674314898
3.3404300691
4.0953409949
4.4813499306
5.0165131200
5.0781621868
2.8549430995
3.5492262973
4.2026184254
4.4940074198
5.0080595359
5.0856272705
2.6268968888
3.6328783808
4.3333877847
4.3522227111
5.0118826327
5.1904345514
2.8155597214
3.5367940449
4.1068107003
4.4868670255
4.9671529642
5.3479353724
3.1148817198
3.2247514018
3.9364405552
4.7185087087
4.8894307999
5.4073143402
3.0178387006
3.2393585615
3.9540534826
4.6532166526
4.9989825736
5.3870233254
3.1148817198
3.2247514018
3.9364405552
4.7185087087
4.8894307999
5.4073143402
2.8155597214
3.5367940449
4.1068107003
4.4868670255
4.9671529642
5.3479353724
2.3953730991
3.4215534785
4.1272592423
4.6264603889
4.9838044546
5.2612414318
2.7063240169
3.5418625699
3.8536424781
4.6846013671
4.9918777963
5.1226713139
3.1655876677
3.6520096006
3.7107439026
4.4929563776
4.9996124267
5.1191076412
3.2674314898
3.3404300691
4.0953409949
4.4813499306
5.0165131200
5.0781621868
2.8155597214
3.5367940449
4.1068107003
4.4868670255
4.9671529642
5.3479353724
2.5765953611
3.7329396064
3.9209548135
4.3489983184
4.8895804017
5.7260803921
2.6822390383
3.4082753559
3.8336560875
4.5485917151
4.7010184205
5.9228773569
2.7878467147
3.2487315638
3.7704711598
4.4561273537
4.8016853427
5.9108143146
2.7516968400
3.2144723683
3.8319155017
4.4800276979
4.8929608553
5.7656496005
2.5500319263
3.2391304514
4.0475469622
4.7414651521
4.7834966645
5.5394822535
2.1970141678
2.5093908139
4.6428354043
4.7084305280
4.7629349047
5.4369317834
2.5449665663
2.7720922385
4.2942353176
4.8766712282
4.9898400427
5.0690662452
2.7063240169
3.5418625699
3.8536424781
4.6846013671
4.9918777963
5.1226713139
2.8549430995
3.5492262973
4.2026184254
4.4940074198
5.0080595359
5.0856272705
3.1148817198
3.2247514018
3.9364405552
4.7185087087
4.8894307999
5.4073143402
2.6822390383
3.4082753559
3.8336560875
4.5485917151
4.7010184205
5.9228773569
2.4431442676
3.0172578508
4.1738540412
4.3979620908
4.4676125179
6.1778026537
2.3766571727
2.7553898419
4.1664310397
4.2156073390
4.5832154646
6.1733776697
2.2310262403
2.7078031345
4.0520835699
4.3117210597
4.7388795282
6.0428257728
2.2265460092
2.4441113216
4.3307204083
4.4883703010
4.8071346268
5.8178941330
1.9751622508
1.9751622508
4.2789581859
4.7741791466
4.7741791466
5.7796510048
2.1970141678
2.5093908139
4.6428354043
4.7084305280
4.7629349047
5.4369317834
2.3953730991
3.4215534785
4.1272592423
4.6264603889
4.9838044546
5.2612414318
2.6268968888
3.6328783808
4.3333877847
4.3522227111
5.0118826327
5.1904345514
3.0178387006
3.2393585615
3.9540534826
4.6532166526
4.9989825736
5.3870233254
2.7878467147
3.2487315638
3.7704711598
4.4561273537
4.8016853427
5.9108143146
2.3766571727
2.7553898419
4.1664310397
4.2156073390
4.5832154646
6.1733776697
2.2373958574
2.2373958574
3.8049060686
4.5104808282
4.5104808282
6.1525573978
1.8837833579
2.2619221243
3.5751279355
4.5828700986
4.6317376346
6.0515647112
1.8154854550
2.0486880871
3.8087756346
4.6843396235
4.7086215647
5.9916740903
1.8154854550
2.0486880871
3.8087756346
4.6843396235
4.7086215647
5.9916740903
2.2265460092
2.4441113216
4.3307204083
4.4883703010
4.8071346268
5.8178941330
2.5500319263
3.2391304514
4.0475469622
4.7414651521
4.7834966645
5.5394822535
2.8155597214
3.5367940449
4.1068107003
4.4868670255
4.9671529642
5.3479353724
3.1148817198
3.2247514018
3.9364405552
4.7185087087
4.8894307999
5.4073143402
2.7516968400
3.2144723683
3.8319155017
4.4800276979
4.8929608553
5.7656496005
2.2310262403
2.7078031345
4.0520835699
4.3117210597
4.7388795282
6.0428257728
1.8837833579
2.2619221243
3.5751279355
4.5828700986
4.6317376346
6.0515647112
1.7570056597
2.0658087951
3.1921905674
4.6095132486
4.6982879582
5.9344391274
1.7223689452
1.9551876013
3.3089743423
4.6295753790
4.7229830477
5.9568713626
1.8837833579
2.2619221243
3.5751279355
4.5828700986
4.6317376346
6.0515647112
2.2310262403
2.7078031345
4.0520835699
4.3117210597
4.7388795282
6.0428257728
2.7516968400
3.2144723683
3.8319155017
4.4800276979
4.8929608553
5.7656496005
3.1148817198
3.2247514018
3.9364405552
4.7185087087
4.8894307999
5.4073143402
2.8155597214
3.5367940449
4.1068107003
4.4868670255
4.9671529642
5.3479353724
2.5500319263
3.2391304514
4.0475469622
4.7414651521
4.7834966645
5.5394822535
2.2265460092
2.4441113216
4.3307204083
4.4883703010
4.8071346268
5.8178941330
1.8154854550
2.0486880871
3.8087756346
4.6843396235
4.7086215647
5.9916740903
1.7223689452
1.9551876013
3.3089743423
4.6295753790
4.7229830477
5.9568713626
1.7570056597
2.0658087951
3.1921905674
4.6095132486
4.6982879582
5.9344391274
1.5290039904
1.5290039904
2.6367953214
4.6951663367
4.6951663367
5.6535112731
1.7570056597
2.0658087951
3.1921905674
4.6095132486
4.6982879582
5.9344391274
2.2632596332
2.7016789031
3.8345191414
4.2625822297
4.7987881924
6.0576971922
2.7878467147
3.2487315638
3.7704711598
4.4561273537
4.8016853427
5.9108143146
3.0087842623
3.2732611505
3.9651926578
4.4784869431
4.9389163885
5.6836876493
2.5765953611
3.7329396064
3.9209548135
4.3489983184
4.8895804017
5.7260803921
2.2020154396
2.9455038640
4.3841863069
4.4365063899
4.6050840902
5.8994515427
1.8154854550
2.0486880871
3.8087756346
4.6843396235
4.7086215647
5.9916740903
1.4501028115
1.4501028115
3.1266971621
4.6940386554
4.6940386554
5.9038115575
1.2893943169
1.4352476691
2.5776517443
4.6745010708
4.6944935434
5.6551545835
1.7570056597
2.0658087951
3.1921905674
4.6095132486
4.6982879582
5.9344391274
1.8837833579
2.2619221243
3.5751279355
4.5828700986
4.6317376346
6.0515647112
2.2310262403
2.7078031345
4.0520835699
4.3117210597
4.7388795282
6.0428257728
2.7516968400
3.2144723683
3.8319155017
4.4800276979
4.8929608553
5.7656496005
3.1148817198
3.2247514018
3.9364405552
4.7185087087
4.8894307999
5.4073143402
2.8155597214
3.5367940449
4.1068107003
4.4868670255
4.9671529642
5.3479353724
2.5500319263
3.2391304514
4.0475469622
4.7414651521
4.7834966645
5.5394822535
2.2265460092
2.4441113216
4.3307204083
4.4883703010
4.8071346268
5.8178941330
1.8154854550
2.0486880871
3.8087756346
4.6843396235
4.7086215647
5.9916740903
1.7223689452
1.9551876013
3.3089743423
4.6295753790
4.7229830477
5.9568713626
2.2632596332
2.7016789031
3.8345191414
4.2625822297
4.7987881924
6.0576971922
2.2310262403
2.7078031345
4.0520835699
4.3117210597
4.7388795282
6.0428257728
2.2020154396
2.9455038640
4.3841863069
4.4365063899
4.6050840902
5.8994515427
2.5500319263
3.2391304514
4.0475469622
4.7414651521
4.7834966645
5.5394822535
3.0618771517
3.5061029386
3.6948537020
4.8876059774
4.9699454149
5.0678565692
3.2674314898
3.3404300691
4.0953409949
4.4813499306
5.0165131200
5.0781621868
3.0618771517
3.5061029386
3.6948537020
4.8876059774
4.9699454149
5.0678565692
2.5500319263
3.2391304514
4.0475469622
4.7414651521
4.7834966645
5.5394822535
2.2020154396
2.9455038640
4.3841863069
4.4365063899
4.6050840902
5.8994515427
2.2310262403
2.7078031345
4.0520835699
4.3117210597
4.7388795282
6.0428257728
2.7878467147
3.2487315638
3.7704711598
4.4561273537
4.8016853427
5.9108143146
2.7516968400
3.2144723683
3.8319155017
4.4800276979
4.8929608553
5.7656496005
2.5500319263
3.2391304514
4.0475469622
4.7414651521
4.7834966645
5.5394822535
2.3953730991
3.4215534785
4.1272592423
4.6264603889
4.9838044546
5.2612414318
2.7063240169
3.5418625699
3.8536424781
4.6846013671
4.9918777963
5.1226713139
3.1655876677
3.6520096006
3.7107439026
4.4929563776
4.9996124267
5.1191076412
3.2674314898
3.3404300691
4.0953409949
4.4813499306
5.0165131200
5.0781621868
2.8155597214
3.5367940449
4.1068107003
4.4868670255
4.9671529642
5.3479353724
2.5765953611
3.7329396064
3.9209548135
4.3489983184
4.8895804017
5.7260803921
2.6822390383
3.4082753559
3.8336560875
4.5485917151
4.7010184205
5.9228773569
3.0087842623
3.2732611505
3.9651926578
4.4784869431
4.9389163885
5.6836876493
3.1148817198
3.2247514018
3.9364405552
4.7185087087
4.8894307999
5.4073143402
3.0618771517
3.5061029386
3.6948537020
4.8876059774
4.9699454149
5.0678565692
2.7063240169
3.5418625699
3.8536424781
4.6846013671
4.9918777963
5.1226713139
2.4573078709
3.5940211752
3.8600737797
4.6447431013
4.9597987204
5.1806479410
2.7063240169
3.5418625699
3.8536424781
4.6846013671
4.9918777963
5.1226713139
3.0618771517
3.5061029386
3.6948537020
4.8876059774
4.9699454149
5.0678565692
3.1148817198
3.2247514018
3.9364405552
4.7185087087
4.8894307999
5.4073143402
3.0087842623
3.2732611505
3.9651926578
4.4784869431
4.9389163885
5.6836876493
3.0675168673
3.2347000110
4.1361300794
4.1530212781
5.0153765943
5.7872449756
2.5765953611
3.7329396064
3.9209548135
4.3489983184
4.8895804017
5.7260803921
2.8155597214
3.5367940449
4.1068107003
4.4868670255
4.9671529642
5.3479353724
3.2674314898
3.3404300691
4.0953409949
4.4813499306
5.0165131200
5.0781621868
3.1655876677
3.6520096006
3.7107439026
4.4929563776
4.9996124267
5.1191076412
2.7063240169
3.5418625699
3.8536424781
4.6846013671
4.9918777963
5.1226713139
2.3953730991
3.4215534785
4.1272592423
4.6264603889
4.9838044546
5.2612414318
2.5500319263
3.2391304514
4.0475469622
4.7414651521
4.7834966645
5.5394822535
2.7516968400
3.2144723683
3.8319155017
4.4800276979
4.8929608553
5.7656496005
2.7878467147
3.2487315638
3.7704711598
4.4561273537
4.8016853427
5.9108143146
2.6822390383
3.4082753559
3.8336560875
4.5485917151
4.7010184205
5.9228773569
2.2020154396
2.9455038640
4.3841863069
4.4365063899
4.6050840902
5.8994515427
2.5500319263
3.2391304514
4.0475469622
4.7414651521
4.7834966645
5.5394822535
3.0618771517
3.5061029386
3.6948537020
4.8876059774
4.9699454149
5.0678565692
3.2674314898
3.3404300691
4.0953409949
4.4813499306
5.0165131200
5.0781621868
3.0618771517
3.5061029386
3.6948537020
4.8876059774
4.9699454149
5.0678565692
2.5500319263
3.2391304514
4.0475469622
4.7414651521
4.7834966645
5.5394822535
2.2020154396
2.9455038640
4.3841863069
4.4365063899
4.6050840902
5.8994515427
2.2310262403
2.7078031345
4.0520835699
4.3117210597
4.7388795282
6.0428257728
2.2632596332
2.7016789031
3.8345191414
4.2625822297
4.7987881924
6.0576971922
2.2310262403
2.7078031345
4.0520835699
4.3117210597
4.7388795282
6.0428257728
1.8154854550
2.0486880871
3.8087756346
4.6843396235
4.7086215647
5.9916740903
2.2265460092
2.4441113216
4.3307204083
4.4883703010
4.8071346268
5.8178941330
2.5500319263
3.2391304514
4.0475469622
4.7414651521
4.7834966645
5.5394822535
2.8155597214
3.5367940449
4.1068107003
4.4868670255
4.9671529642
5.3479353724
3.1148817198
3.2247514018
3.9364405552
4.7185087087
4.8894307999
5.4073143402
2.7516968400
3.2144723683
3.8319155017
4.4800276979
4.8929608553
5.7656496005
2.2310262403
2.7078031345
4.0520835699
4.3117210597
4.7388795282
6.0428257728
1.8837833579
2.2619221243
3.5751279355
4.5828700986
4.6317376346
6.0515647112
1.7570056597
2.0658087951
3.1921905674
4.6095132486
4.6982879582
5.9344391274
1.7223689452
1.9551876013
3.3089743423
4.6295753790
4.7229830477
5.9568713626
1.4501028115
1.4501028115
3.1266971621
4.6940386554
4.6940386554
5.9038115575
1.8154854550
2.0486880871
3.8087756346
4.6843396235
4.7086215647
5.9916740903
2.2020154396
2.9455038640
4.3841863069
4.4365063899
4.6050840902
5.8994515427
2.5765953611
3.7329396064
3.9209548135
4.3489983184
4.8895804017
5.7260803921
3.0087842623
3.2732611505
3.9651926578
4.4784869431
4.9389163885
5.6836876493
2.7878467147
3.2487315638
3.7704711598
4.4561273537
4.8016853427
5.9108143146
2.2632596332
2.7016789031
3.8345191414
4.2625822297
4.7987881924
6.0576971922
1.7570056597
2.0658087951
3.1921905674
4.6095132486
4.6982879582
5.9344391274
1.5290039904
1.5290039904
2.6367953214
4.6951663367
4.6951663367
5.6535112731
1.2893943169
1.4352476691
2.5776517443
4.6745010708
4.6944935434
5.6551545835
1.2893943169
1.4352476691
2.5776517443
4.6745010708
4.6944935434
5.6551545835
1.7223689452
1.9551876013
3.3089743423
4.6295753790
4.7229830477
5.9568713626
2.2310262403
2.7078031345
4.0520835699
4.3117210597
4.7388795282
6.0428257728
2.6822390383
3.4082753559
3.8336560875
4.5485917151
4.7010184205
5.9228773569
3.0675168673
3.2347000110
4.1361300794
4.1530212781
5.0153765943
5.7872449756
2.6822390383
3.4082753559
3.8336560875
4.5485917151
4.7010184205
5.9228773569
2.2310262403
2.7078031345
4.0520835699
4.3117210597
4.7388795282
6.0428257728
1.7223689452
1.9551876013
3.3089743423
4.6295753790
4.7229830477
5.9568713626
1.2893943169
1.4352476691
2.5776517443
4.6745010708
4.6944935434
5.6551545835
1.1239104889
1.3559899029
2.1633940079
4.6565679440
4.7288849115
5.4245164388
0.7753555185
0.7753555185
1.3433504339
4.6637732736
4.6637732736
4.9627536544
1.1239104889
1.3559899029
2.1633940079
4.6565679440
4.7288849115
5.4245164388
1.7570056597
2.0658087951
3.1921905674
4.6095132486
4.6982879582
5.9344391274
2.3766571727
2.7553898419
4.1664310397
4.2156073390
4.5832154646
6.1733776697
2.9433845825
3.2635136892
3.7637568208
4.2523122830
4.8956969290
6.1317313022
2.9648080102
3.4214731553
3.8420824424
4.0136382055
5.0343676816
6.0949433898
2.4431442676
3.0172578508
4.1738540412
4.3979620908
4.4676125179
6.1778026537
1.8837833579
2.2619221243
3.5751279355
4.5828700986
4.6317376346
6.0515647112
1.2893943169
1.4352476691
2.5776517443
4.6745010708
4.6944935434
5.6551545835
0.7684405483
0.7684405483
1.6511208300
4.6316253383
4.6316253383
5.1585155109
1.1239104889
1.3559899029
2.1633940079
4.6565679440
4.7288849115
5.4245164388
1.2893943169
1.4352476691
2.5776517443
4.6745010708
4.6944935434
5.6551545835
1.7223689452
1.9551876013
3.3089743423
4.6295753790
4.7229830477
5.9568713626
2.2310262403
2.7078031345
4.0520835699
4.3117210597
4.7388795282
6.0428257728
2.6822390383
3.4082753559
3.8336560875
4.5485917151
4.7010184205
5.9228773569
3.0675168673
3.2347000110
4.1361300794
4.1530212781
5.0153765943
5.7872449756
2.6822390383
3.4082753559
3.8336560875
4.5485917151
4.7010184205
5.9228773569
2.2310262403
2.7078031345
4.0520835699
4.3117210597
4.7388795282
6.0428257728
1.7223689452
1.9551876013
3.3089743423
4.6295753790
4.7229830477
5.9568713626
1.2893943169
1.4352476691
2.5776517443
4.6745010708
4.6944935434
5.6551545835
1.7570056597
2.0658087951
3.1921905674
4.6095132486
4.6982879582
5.9344391274
1.7223689452
1.9551876013
3.3089743423
4.6295753790
4.7229830477
5.9568713626
1.8154854550
2.0486880871
3.8087756346
4.6843396235
4.7086215647
5.9916740903
2.2265460092
2.4441113216
4.3307204083
4.4883703010
4.8071346268
5.8178941330
2.5500319263
3.2391304514
4.0475469622
4.7414651521
4.7834966645
5.5394822535
2.8155597214
3.5367940449
4.1068107003
4.4868670255
4.9671529642
5.3479353724
3.1148817198
3.2247514018
3.9364405552
4.7185087087
4.8894307999
5.4073143402
2.7516968400
3.2144723683
3.8319155017
4.4800276979
4.8929608553
5.7656496005
2.2310262403
2.7078031345
4.0520835699
4.3117210597
4.7388795282
6.0428257728
1.8837833579
2.2619221243
3.5751279355
4.5828700986
4.6317376346
6.0515647112
2.3766571727
2.7553898419
4.1664310397
4.2156073390
4.5832154646
6.1733776697
2.2310262403
2.7078031345
4.0520835699
4.3117210597
4.7388795282
6.0428257728
2.2265460092
2.4441113216
4.3307204083
4.4883703010
4.8071346268
5.8178941330
2.1970141678
2.5093908139
4.6428354043
4.7084305280
4.7629349047
5.4369317834
2.5449665663
2.7720922385
4.2942353176
4.8766712282
4.9898400427
5.0690662452
2.7063240169
3.5418625699
3.8536424781
4.6846013671
4.9918777963
5.1226713139
2.8549430995
3.5492262973
4.2026184254
4.4940074198
5.0080595359
5.0856272705
3.1148817198
3.2247514018
3.9364405552
4.7185087087
4.8894307999
5.4073143402
2.6822390383
3.4082753559
3.8336560875
4.5485917151
4.7010184205
5.9228773569
2.4431442676
3.0172578508
4.1738540412
4.3979620908
4.4676125179
6.1778026537
2.9433845825
3.2635136892
3.7637568208
4.2523122830
4.8956969290
6.1317313022
2.6822390383
3.4082753559
3.8336560875
4.5485917151
4.7010184205
5.9228773569
2.5500319263
3.2391304514
4.0475469622
4.7414651521
4.7834966645
5.5394822535
2.5449665663
2.7720922385
4.2942353176
4.8766712282
4.9898400427
5.0690662452
2.3922548522
2.7537698491
4.1784730220
4.8061903913
4.9215963370
5.1768040704
2.6525391528
2.8876740919
3.9630746244
4.7823481687
4.9035284409
5.2174860313
2.7063240169
3.5418625699
3.8536424781
4.6846013671
4.9918777963
5.1226713139
2.8155597214
3.5367940449
4.1068107003
4.4868670255
4.9671529642
5.3479353724
3.0675168673
3.2347000110
4.1361300794
4.1530212781
5.0153765943
5.7872449756
2.9648080102
3.4214731553
3.8420824424
4.0136382055
5.0343676816
6.0949433898
2.9648080102
3.4214731553
3.8420824424
4.0136382055
5.0343676816
6.0949433898
3.0675168673
3.2347000110
4.1361300794
4.1530212781
5.0153765943
5.7872449756
2.8155597214
3.5367940449
4.1068107003
4.4868670255
4.9671529642
5.3479353724
2.7063240169
3.5418625699
3.8536424781
4.6846013671
4.9918777963
5.1226713139
2.6525391528
2.8876740919
3.9630746244
4.7823481687
4.9035284409
5.2174860313
2.3922548522
2.7537698491
4.1784730220
4.8061903913
4.9215963370
5.1768040704
2.5449665663
2.7720922385
4.2942353176
4.8766712282
4.9898400427
5.0690662452
2.5500319263
3.2391304514
4.0475469622
4.7414651521
4.7834966645
5.5394822535
2.6822390383
3.4082753559
3.8336560875
4.5485917151
4.7010184205
5.9228773569
2.9433845825
3.2635136892
3.7637568208
4.2523122830
4.8956969290
6.1317313022
2.4431442676
3.0172578508
4.1738540412
4.3979620908
4.4676125179
6.1778026537
2.6822390383
3.4082753559
3.8336560875
4.5485917151
4.7010184205
5.9228773569
3.1148817198
3.2247514018
3.9364405552
4.7185087087
4.8894307999
5.4073143402
2.8549430995
3.5492262973
4.2026184254
4.4940074198
5.0080595359
5.0856272705
2.7063240169
3.5418625699
3.8536424781
4.6846013671
4.9918777963
5.1226713139
2.5449665663
2.7720922385
4.2942353176
4.8766712282
4.9898400427
5.0690662452
2.1970141678
2.5093908139
4.6428354043
4.7084305280
4.7629349047
5.4369317834
2.2265460092
2.4441113216
4.3307204083
4.4883703010
4.8071346268
5.8178941330
2.2310262403
2.7078031345
4.0520835699
4.3117210597
4.7388795282
6.0428257728
2.3766571727
2.7553898419
4.1664310397
4.2156073390
4.5832154646
6.1733776697
1.8837833579
2.2619221243
3.5751279355
4.5828700986
4.6317376346
6.0515647112
2.2310262403
2.7078031345
4.0520835699
4.3117210597
4.7388795282
6.0428257728
2.7516968400
3.2144723683
3.8319155017
4.4800276979
4.8929608553
5.7656496005
3.1148817198
3.2247514018
3.9364405552
4.7185087087
4.8894307999
5.4073143402
2.8155597214
3.5367940449
4.1068107003
4.4868670255
4.9671529642
5.3479353724
2.5500319263
3.2391304514
4.0475469622
4.7414651521
4.7834966645
5.5394822535
2.2265460092
2.4441113216
4.3307204083
4.4883703010
4.8071346268
5.8178941330
1.8154854550
2.0486880871
3.8087756346
4.6843396235
4.7086215647
5.9916740903
1.7223689452
1.9551876013
3.3089743423
4.6295753790
4.7229830477
5.9568713626
1.7570056597
2.0658087951
3.1921905674
4.6095132486
4.6982879582
5.9344391274
1.2893943169
1.4352476691
2.5776517443
4.6745010708
4.6944935434
5.6551545835
1.7223689452
1.9551876013
3.3089743423
4.6295753790
4.7229830477
5.9568713626
2.2310262403
2.7078031345
4.0520835699
4.3117210597
4.7388795282
6.0428257728
2.6822390383
3.4082753559
3.8336560875
4.5485917151
4.7010184205
5.9228773569
3.0675168673
3.2347000110
4.1361300794
4.1530212781
5.0153765943
5.7872449756
2.6822390383
3.4082753559
3.8336560875
4.5485917151
4.7010184205
5.9228773569
2.2310262403
2.7078031345
4.0520835699
4.3117210597
4.7388795282
6.0428257728
1.7223689452
1.9551876013
3.3089743423
4.6295753790
4.7229830477
5.9568713626
1.2893943169
1.4352476691
2.5776517443
4.6745010708
4.6944935434
5.6551545835
1.1239104889
1.3559899029
2.1633940079
4.6565679440
4.7288849115
5.4245164388
0.7684405483
0.7684405483
1.6511208300
4.6316253383
4.6316253383
5.1585155109
1.2893943169
1.4352476691
2.5776517443
4.6745010708
4.6944935434
5.6551545835
1.8837833579
2.2619221243
3.5751279355
4.5828700986
4.6317376346
6.0515647112
2.4431442676
3.0172578508
4.1738540412
4.3979620908
4.4676125179
6.1778026537
2.9648080102
3.4214731553
3.8420824424
4.0136382055
5.0343676816
6.0949433898
2.9433845825
3.2635136892
3.7637568208
4.2523122830
4.8956969290
6.1317313022
2.3766571727
2.7553898419
4.1664310397
4.2156073390
4.5832154646
6.1733776697
1.7570056597
2.0658087951
3.1921905674
4.6095132486
4.6982879582
5.9344391274
1.1239104889
1.3559899029
2.1633940079
4.6565679440
4.7288849115
5.4245164388
0.7753555185
0.7753555185
1.3433504339
4.6637732736
4.6637732736
4.9627536544
